BNN Result log for throghtput (d=2)


costs are
0 9.03 8.01
1 8.55 6.98
2 0.7 9.22
3 9.0 0.96
4 4.95 5.29
5 7.93 9.64
6 8.46 6.33
7 6.44 0.55
8 2.43 5.52
9 0.21 5.01
10 1.42 0.86
11 1.59 4.29
12 9.51 1.15
13 6.09 3.13
14 7.61 3.1
15 1.32 6.82
16 8.31 0.9
17 2.52 8.1
18 2.05 1.32
19 6.61 8.64
20 9.67 1.99
Communication costs are :
0 [0.         0.         0.         0.         0.         0.
 0.         0.         0.         0.75294118 0.         0.
 0.         0.         0.         0.         0.         0.
 0.         0.         0.        ]
1 [0.         0.         0.         0.         0.         0.
 0.         0.         0.         0.         0.00423529 0.
 0.         0.         0.         0.         0.         0.
 0.         0.         0.        ]
2 [0.         0.         0.         0.         0.         0.
 0.         0.         0.         0.         0.         2.40941176
 0.         0.         0.         0.         0.         0.
 0.         0.         0.        ]
3 [0.         0.         0.         0.         0.         0.
 0.         0.         0.         0.         0.         0.
 0.         0.         0.13552941 0.         0.         0.
 0.         0.         0.        ]
4 [0.         0.         0.         0.         0.         0.
 0.         0.         0.         0.         0.         0.
 0.         0.         0.         1.20470588 0.         0.
 0.         0.         0.        ]
5 [0.         0.         0.         0.         0.         0.
 0.         0.         0.         0.         0.         0.
 0.         0.         0.         0.         0.         0.
 3.85505882 0.         0.        ]
6 [0.         0.         0.         0.         0.         0.
 0.         0.         0.         0.         0.         0.
 0.         0.         0.         0.         0.         0.
 0.15058824 0.         0.        ]
7 [0.         0.         0.         0.         0.         0.
 0.         0.         0.         0.         0.         0.
 0.         0.         0.         0.         0.         0.
 0.         0.         0.07529412]
8 [0.         0.         0.         0.         0.         0.
 0.         0.         0.         0.         0.         0.
 0.         0.         0.         0.         0.         0.
 0.         0.         0.00588235]
9 [0.         0.         0.         0.         0.         0.
 0.         0.         0.         0.         0.95294118 0.
 0.         0.         0.         0.         0.         0.
 0.         0.         0.        ]
10 [ 0.          0.          0.          0.          0.          0.
  0.          0.          0.          0.          0.         72.28235294
  0.          0.          0.          0.          0.          0.
  0.          0.          0.        ]
11 [ 0.          0.          0.          0.          0.          0.
  0.          0.          0.          0.          0.          0.
 12.04705882  0.          0.          0.          0.          0.
  0.          0.          0.        ]
12 [0.         0.         0.         0.         0.         0.
 0.         0.         0.         0.         0.         0.
 0.         3.01176471 0.         0.         0.         0.
 0.         0.         0.        ]
13 [0.         0.         0.         0.         0.         0.
 0.         0.         0.         0.         0.         0.
 0.         0.         4.70588235 0.         0.         0.
 0.         0.         0.        ]
14 [ 0.          0.          0.          0.          0.          0.
  0.          0.          0.          0.          0.          0.
  0.          0.          0.         36.14117647  0.          0.
  0.          0.          0.        ]
15 [0.         0.         0.         0.         0.         0.
 0.         0.         0.         0.         0.         0.
 0.         0.         0.         0.         6.02352941 0.
 0.         0.         0.        ]
16 [0.         0.         0.         0.         0.         0.
 0.         0.         0.         0.         0.         0.
 0.         0.         0.         0.         0.         1.50588235
 0.         0.         0.        ]
17 [0.         0.         0.         0.         0.         0.
 0.         0.         0.         0.         0.         0.
 0.         0.         0.         0.         0.         0.
 1.50588235 0.         0.        ]
18 [ 0.          0.          0.          0.          0.          0.
  0.          0.          0.          0.          0.          0.
  0.          0.          0.          0.          0.          0.
  0.         15.05882353  0.        ]
19 [0.         0.         0.         0.         0.         0.
 0.         0.         0.         0.         0.         0.
 0.         0.         0.         0.         0.         0.
 0.         0.         0.75294118]
20 [0. 0. 0. 0. 0. 0. 0. 0. 0. 0. 0. 0. 0. 0. 0. 0. 0. 0. 0. 0. 0.]
Upper bounds
114.4 97.81
lower bound
32.71
{<heterocl.mlir.dfg.DFGNode object at 0x7fdca2cdf220>, <heterocl.mlir.dfg.DFGNode object at 0x7fdca2cdf280>, <heterocl.mlir.dfg.DFGNode object at 0x7fdca2cdf0a0>, <heterocl.mlir.dfg.DFGNode object at 0x7fdca2cdf2e0>, <heterocl.mlir.dfg.DFGNode object at 0x7fdca2cdf100>, <heterocl.mlir.dfg.DFGNode object at 0x7fdca2cdf340>, <heterocl.mlir.dfg.DFGNode object at 0x7fdca2cdf160>, <heterocl.mlir.dfg.DFGNode object at 0x7fdca2cdf3a0>, <heterocl.mlir.dfg.DFGNode object at 0x7fdca2cdf1c0>}
['input_image_0', 'input_image_1', 'w_conv1_0', 'w_conv1_1', 'bn_t1_0', 'bn_t1_1', 'w_conv2_0', 'w_conv2_1', 'bn_t2_0', 'bn_t2_1', 'w_fc1_0', 'w_fc1_1', 'b_fc1_0', 'b_fc1_1', 'w_fc2_0', 'w_fc2_1', 'b_fc2_0', 'b_fc2_1', 'conv1_pad_0', 'conv1_pad_1', 'conv1_0', 'conv1_1', 'bn1_0', 'bn1_1', 'maxpool1_0', 'maxpool1_1', 'conv2_pad_0', 'conv2_pad_1', 'conv2_0', 'conv2_1', 'bn2_0', 'bn2_1', 'maxpool2_0', 'maxpool2_1', 'flatten_0', 'flatten_1', 'fc1_matmul_0', 'fc1_matmul_1', 'fc1_0', 'fc1_1', 'fc2_0', 'fc2_1']
(67.58, ['CPU', 'CPU', 'FPGA', 'FPGA', 'CPU', 'CPU', 'FPGA', 'FPGA', 'FPGA', 'CPU', 'CPU', 'CPU', 'CPU', 'CPU', 'FPGA', 'FPGA', 'CPU', 'CPU', 'FPGA', 'CPU', 'FPGA', 'CPU', 'FPGA', 'CPU', 'FPGA', 'CPU', 'FPGA', 'CPU', 'FPGA', 'CPU', 'FPGA', 'CPU', 'FPGA', 'CPU', 'FPGA', 'CPU', 'FPGA', 'CPU', 'FPGA', 'CPU', 'FPGA'], [0.0, 0.0, 0.0, 0.0, 0.0, 0.0, 0.0, 0.0, 0.0, 0.0, 0.0, 0.0, 0.0, 0.0, 0.0, 0.0, 0.0, 0.0, 0.0, 0.0, 0.0])

